0.285237
0.853361
0.568280
0.468192
0.605620
0.402811
0.808176
0.234378
0.878042
0.128827
0.893231
0.111313
0.900472
0.102917
0.909317
0.093384
0.910506
0.091836
0.914530
0.087510
0.921498
0.080216
0.920412
0.081276
0.925619
0.075768
0.927400
0.073848
0.932745
0.068366
0.930241
0.070885
0.934443
0.066685
0.935084
0.065925
0.934880
0.066076
0.933452
0.067526
0.935422
0.065452
0.939116
0.061653
0.942089
0.058694
0.942583
0.058187
0.940908
0.059871
0.940234
0.060557
0.942778
0.057937
0.945272
0.055342
0.947194
0.053547
0.944092
0.056534
0.943058
0.057598
0.948149
0.052474
0.948671
0.051811
0.947471
0.053086
0.937395
0.063332
0.946575
0.054012
0.950285
0.050273
0.950262
0.050247
0.952247
0.048274
0.953540
0.046984
0.953202
0.047307
0.954200
0.046276
0.955338
0.045152
0.955269
0.045213
0.937027
0.063499
0.946842
0.053623
0.953820
0.046636
0.954996
0.045441
0.952382
0.048082
0.947959
0.052501
0.957339
0.043075
0.959296
0.041134
0.960548
0.039895
0.961314
0.039167
0.962384
0.038155
0.962677
0.037809
0.963292
0.037287
0.963563
0.036997
0.963976
0.036537
0.964399
0.036168
0.964860
0.035726
0.965254
0.035310
0.965544
0.035077
0.965402
0.035188
0.965847
0.034706
0.966291
0.034359
0.966721
0.033924
0.967101
0.033520
0.967248
0.033358
0.967480
0.033104
0.967721
0.032873
0.967933
0.032680
0.968188
0.032470
0.968488
0.032138
0.968885
0.031769
0.969057
0.031623
0.969041
0.031609
0.969534
0.031130
0.969943
0.030696
0.969889
0.030792
0.970119
0.030522
0.970427
0.030278
0.970521
0.030152
0.970668
0.029949
0.970917
0.029724
0.970982
0.029659
0.971151
0.029474
0.971725
0.028948
0.971576
0.029073
0.971772
0.028829
0.972350
0.028301
0.972302
0.028348
0.972265
0.028373
0.972584
0.028063
0.972967
0.027692
0.972928
0.027725
0.973155
0.027498
0.973272
0.027382
0.973413
0.027221
0.973472
0.027099
0.974360
0.026303
0.974326
0.026294
0.974603
0.026102
0.974587
0.026068
0.974856
0.025833
0.974839
0.025815
0.974735
0.025933
0.974722
0.025955
0.975021
0.025625
0.974983
0.025713
0.974966
0.025711
0.974849
0.025805
0.975254
0.025391
0.974974
0.025715
0.975047
0.025690
0.974976
0.025706
0.975115
0.025593
0.975164
0.025492
0.975212
0.025485
0.975129
0.025542
0.974998
0.025640
0.975159
0.025542
0.975266
0.025460
0.975233
0.025491
0.975191
0.025481
0.975453
0.025209
0.975106
0.025529
0.975568
0.025154
0.975372
0.025308
0.975391
0.025281
0.975505
0.025200
0.975568
0.025098
0.975454
0.025177
0.975399
0.025310
0.975513
0.025204
0.975410
0.025291
0.975503
0.025184
0.975597
0.025108
0.975548
0.025163
0.975570
0.025141
0.975644
0.025042
0.975627
0.025054
0.975670
0.024995
0.975822
0.024882
0.975656
0.025025
0.975888
0.024818
0.975741
0.024947
0.975952
0.024782
0.975862
0.024818
0.975682
0.024981
0.975920
0.024780
0.975941
0.024736
0.975779
0.024885
0.975927
0.024747
0.975895
0.024773
0.975968
0.024735
0.975951
0.024755
0.975973
0.024748
0.975961
0.024717
0.976162
0.024533
0.976028
0.024669
0.976032
0.024681
0.976226
0.024482
0.975997
0.024678
0.976083
0.024619
0.976303
0.024413
0.976160
0.024492
0.976234
0.024474
0.976311
0.024402
0.976219
0.024448
0.976234
0.024494
0.976160
0.024540
0.976385
0.024316
0.976146
0.024511
0.976264
0.024414
0.976493
0.024208
0.976531
0.024150
0.976400
0.024292
0.976450
0.024190
0.976488
0.024170
0.976366
0.024315
0.976441
0.024243
0.976472
0.024240
0.976396
0.024268
0.976343
0.024343
0.976550
0.024153
0.976520
0.024148
0.976542
0.024147
0.976577
0.024102
0.976740
0.023959
0.976528
0.024160
0.976744
0.023948
0.976676
0.024045
0.976397
0.024289
0.976689
0.024028
0.976601
0.024066
0.976692
0.023963
0.976676
0.023964
0.976639
0.024026
0.976771
0.023892
