0.270745
0.871274
0.658013
0.417023
0.848495
0.167083
0.875043
0.132978
0.887343
0.118348
0.897993
0.106451
0.903215
0.100516
0.907193
0.095883
0.911717
0.090816
0.915936
0.086456
0.920916
0.081138
0.921853
0.079969
0.924875
0.076698
0.924331
0.077192
0.923100
0.078428
0.929650
0.071670
0.932969
0.068174
0.936549
0.064513
0.936141
0.064927
0.935895
0.065169
0.939948
0.060960
0.940202
0.060702
0.940416
0.060477
0.938956
0.061815
0.937557
0.063267
0.941397
0.059403
0.943311
0.057460
0.943506
0.057203
0.943368
0.057280
0.945905
0.054698
0.947752
0.052912
0.924732
0.076101
0.937614
0.063104
0.944545
0.056099
0.946512
0.054055
0.948272
0.052244
0.949659
0.050849
0.934392
0.066271
0.945132
0.055442
0.949238
0.051285
0.951177
0.049358
0.951901
0.048596
0.953667
0.046810
0.954470
0.045998
0.953769
0.046690
0.953488
0.046943
0.955012
0.045410
0.954970
0.045516
0.956364
0.044060
0.956141
0.044288
0.960773
0.039638
0.962743
0.037759
0.963526
0.036928
0.964200
0.036342
0.964502
0.036029
0.965137
0.035424
0.965247
0.035352
0.965782
0.034801
0.966111
0.034463
0.966606
0.034031
0.966838
0.033799
0.966800
0.033816
0.967316
0.033299
0.967512
0.033145
0.967805
0.032787
0.968095
0.032513
0.968400
0.032234
0.968768
0.031899
0.968806
0.031884
0.968892
0.031730
0.969351
0.031329
0.969696
0.030927
0.969581
0.031047
0.969621
0.030980
0.970282
0.030391
0.970573
0.030115
0.970140
0.030513
0.970596
0.030041
0.970781
0.029875
0.971182
0.029495
0.971220
0.029451
0.971503
0.029127
0.971697
0.028950
0.971847
0.028809
0.972086
0.028623
0.972193
0.028499
0.972602
0.028038
0.972706
0.027957
0.972648
0.027949
0.972741
0.027882
0.972701
0.027931
0.973085
0.027579
0.973291
0.027360
0.973251
0.027357
0.973273
0.027333
0.973947
0.026651
0.973650
0.026984
0.973913
0.026690
0.974143
0.026482
0.974543
0.026112
0.974967
0.025633
0.975409
0.025241
0.975528
0.025113
0.975580
0.025070
0.975601
0.025051
0.975606
0.025054
0.975612
0.025048
0.975544
0.025076
0.975549
0.025102
0.975662
0.024998
0.975757
0.024916
0.975725
0.024922
0.975702
0.024934
0.975807
0.024900
0.975936
0.024720
0.975849
0.024799
0.976035
0.024665
0.975883
0.024769
0.976031
0.024659
0.975888
0.024798
0.975993
0.024711
0.975935
0.024740
0.976049
0.024650
0.976097
0.024571
0.976043
0.024626
0.976128
0.024568
0.976314
0.024385
0.976101
0.024586
0.976023
0.024632
0.976312
0.024366
0.976344
0.024319
0.976281
0.024426
0.976348
0.024347
0.976382
0.024308
0.976367
0.024309
0.976417
0.024285
0.976432
0.024265
0.976421
0.024266
0.976421
0.024298
0.976377
0.024302
0.976504
0.024170
0.976592
0.024116
0.976599
0.024077
0.976644
0.024003
0.976528
0.024171
0.976549
0.024134
0.976759
0.023919
0.976530
0.024163
0.976713
0.023961
0.976522
0.024150
0.976705
0.023957
0.976594
0.024079
0.976548
0.024117
0.976647
0.024020
0.976794
0.023907
0.976744
0.023918
0.976916
0.023792
0.976800
0.023897
0.976788
0.023878
0.976925
0.023785
0.976864
0.023827
0.976773
0.023891
0.976957
0.023724
0.976861
0.023857
0.976869
0.023806
0.976958
0.023750
0.977144
0.023557
0.976867
0.023814
0.976857
0.023815
0.977055
0.023636
0.976830
0.023840
0.977084
0.023623
0.976949
0.023684
0.977053
0.023621
0.977250
0.023432
0.977065
0.023620
0.977114
0.023565
0.976933
0.023739
0.977105
0.023599
0.977202
0.023478
0.977103
0.023563
0.977057
0.023619
0.977165
0.023516
0.977372
0.023289
0.977170
0.023499
0.977173
0.023508
0.977158
0.023518
0.977306
0.023357
0.977270
0.023382
0.977228
0.023457
0.977361
0.023298
0.977439
0.023225
0.977408
0.023245
0.977392
0.023285
0.977191
0.023482
0.977559
0.023100
0.977426
0.023246
0.977397
0.023307
0.977508
0.023130
0.977435
0.023253
