0.279492
0.872618
0.570214
0.477454
0.608198
0.401647
0.806220
0.224899
0.876602
0.130318
0.895675
0.108677
0.907127
0.096195
0.910367
0.092307
0.915853
0.086382
0.916895
0.085324
0.920597
0.081179
0.924327
0.077328
0.927697
0.073778
0.920981
0.080642
0.925643
0.075701
0.929643
0.071546
0.933568
0.067532
0.936368
0.064668
0.937778
0.063226
0.936782
0.064201
0.935710
0.065175
0.936894
0.063906
0.937802
0.063136
0.942270
0.058472
0.943340
0.057484
0.939156
0.061526
0.935944
0.064776
0.943323
0.057372
0.944867
0.055751
0.945722
0.054893
0.945936
0.054654
0.947062
0.053515
0.948163
0.052388
0.941080
0.059513
0.943974
0.056625
0.941024
0.059563
0.946471
0.054044
0.948385
0.052141
0.950273
0.050202
0.948845
0.051680
0.951496
0.048935
0.952639
0.047865
0.953459
0.047007
0.953970
0.046424
0.953931
0.046439
0.955185
0.045215
0.955387
0.045007
0.955003
0.045397
0.955588
0.044840
0.957315
0.043126
0.961101
0.039292
0.963472
0.037021
0.963976
0.036468
0.964665
0.035780
0.965197
0.035297
0.965492
0.034994
0.965957
0.034571
0.966437
0.034146
0.966695
0.033849
0.966985
0.033570
0.967226
0.033371
0.967688
0.032916
0.967926
0.032704
0.968166
0.032401
0.968153
0.032455
0.968401
0.032202
0.969136
0.031491
0.969369
0.031249
0.969297
0.031300
0.969652
0.030962
0.969972
0.030668
0.969888
0.030771
0.970561
0.030069
0.970537
0.030111
0.970815
0.029879
0.970964
0.029706
0.971202
0.029466
0.971316
0.029370
0.971397
0.029239
0.971671
0.028945
0.971842
0.028805
0.972040
0.028585
0.972294
0.028340
0.972425
0.028192
0.972533
0.028127
0.972604
0.027991
0.972963
0.027656
0.973172
0.027457
0.973330
0.027286
0.973699
0.026962
0.973520
0.027114
0.973754
0.026887
0.974004
0.026667
0.974079
0.026549
0.974035
0.026592
0.974094
0.026493
0.974578
0.026039
0.974667
0.025907
0.974842
0.025803
0.974803
0.025798
0.975669
0.024948
0.975848
0.024762
0.975856
0.024783
0.976079
0.024569
0.975969
0.024652
0.976358
0.024264
0.976123
0.024487
0.976277
0.024363
0.976304
0.024341
0.976400
0.024245
0.976353
0.024265
0.976405
0.024226
0.976388
0.024280
0.976531
0.024114
0.976438
0.024195
0.976552
0.024120
0.976375
0.024273
0.976573
0.024095
0.976713
0.023966
0.976568
0.024075
0.976455
0.024145
0.976691
0.023995
0.976747
0.023914
0.976502
0.024177
0.976718
0.023922
0.976629
0.024005
0.976615
0.024027
0.976586
0.024066
0.976852
0.023807
0.976742
0.023919
0.976879
0.023770
0.976898
0.023758
0.976902
0.023758
0.976944
0.023679
0.977054
0.023629
0.976956
0.023722
0.976823
0.023833
0.977149
0.023552
0.976885
0.023762
0.976961
0.023722
0.977028
0.023636
0.977166
0.023513
0.977001
0.023643
0.977002
0.023654
0.976901
0.023748
0.977064
0.023629
0.976986
0.023650
0.976934
0.023700
0.977023
0.023655
0.977240
0.023409
0.977290
0.023388
0.977458
0.023222
0.977385
0.023305
0.977301
0.023336
0.977235
0.023385
0.977337
0.023328
0.977116
0.023526
0.977495
0.023171
0.977332
0.023318
0.977282
0.023355
0.977398
0.023259
0.977507
0.023144
0.977376
0.023283
0.977386
0.023216
0.977505
0.023148
0.977398
0.023247
0.977426
0.023234
0.977317
0.023335
0.977545
0.023118
0.977458
0.023192
0.977446
0.023202
0.977675
0.023009
0.977619
0.023045
0.977563
0.023064
0.977677
0.022970
0.977489
0.023157
0.977765
0.022883
0.977564
0.023079
0.977684
0.022953
0.977743
0.022916
0.977523
0.023127
0.977628
0.023021
0.977648
0.022974
0.977672
0.022988
0.977662
0.022997
0.977772
0.022873
0.977896
0.022744
0.977919
0.022721
0.977776
0.022849
0.977636
0.022993
0.977755
0.022892
0.977906
0.022763
0.977848
0.022782
0.977928
0.022706
0.977926
0.022718
0.977950
0.022671
0.977952
0.022722
0.977910
0.022751
0.977950
0.022660
0.977707
0.022962
